1
ddpg_actor_20240707174820-1.pth
'ddpg_actor_20240707205344-11111.pth'
reward 396.40333919195933 329.9258834832267 274.9793026258899 238.9728850199127
datarate 4.688550906669277 4.0623660885507995 2.751303231207996 2.391041305464705
Throughput_BUFFER 2.3442754533346384 2.0311830442753998 1.375651615603998 1.1955206527323525
Energy_efficiency_BUFFER 30.923872606256328 25.737891136687036 21.45144624940312 18.642544908348302
2
'ddpg_actor_20240704155443-2.pth'
reward 460.72426114745014 390.87472264183447 249.09647130241783 234.5534595434793
datarate 5.141307511387364 4.40441522416448 2.492332767711098 2.3468227789164122
Throughput_BUFFER 2.570653755693682 2.20220761208224 1.246166383855549 1.1734113894582061
Energy_efficiency_BUFFER 35.94162043987221 30.49257897933229 19.432297318498993 18.29778053097283
3
ddpg_actor_20240704131330-3.pth
reward 405.2848112627148 320.48315468240565 231.9939090668631 198.63411156357267
datarate 4.653037310091534 3.876861005300782 2.321213216925723 1.9874320276261122
Throughput_BUFFER 2.326518655045767 1.938430502650391 1.1606066084628615 0.9937160138130561
Energy_efficiency_BUFFER 31.616726282594982 25.001253188360835 18.09810710483695 15.49567158987602
6-4
'ddpg_actor_20240707174820-1.pth'
reward 373.7564142311085 309.01294473138955 218.09605300203765 173.18742177117235
datarate 4.57880703174575 3.7950829974478744 2.182158328310925 1.7328253747587539
Throughput_BUFFER 2.289403515872875 1.8975414987239372 1.0910791641554625 0.8664126873793769
Energy_efficiency_BUFFER 29.15716038874482 24.106449143532974 17.01391964232764 13.510546552848888


1.
reward 396.99709737819234 271.13106444785046 396.3898802298784 377.149627356197
datarate 4.695455883410171 3.3773535761996323 4.68678840942366 4.46747667353259
Throughput_BUFFER 2.3477279417050854 1.6886767880998161 2.34339420471183 2.233738336766295
Energy_efficiency_BUFFER 30.970192353580913 21.151240838876546 30.922822657409657 29.421868780505616
2.
reward 461.4332495033796 312.81425202553214 445.1550862770601 431.5183747661613
datarate 5.148686365935493 3.549422667568727 4.9744991630616315 4.82488233719918
Throughput_BUFFER 2.5743431829677466 1.7747113337843634 2.4872495815308158 2.41244116859959
Energy_efficiency_BUFFER 35.99692942299726 24.402993422753536 34.72705150799114 33.66323622734564
3.
reward 405.18125203336274 259.000969013291 396.574282921196 384.13957255164877
datarate 4.652056706888728 3.173009565613206 4.550242895695505 4.411905742414194
Throughput_BUFFER 2.326028353444364 1.586504782806603 2.2751214478477526 2.205952871207097
Energy_efficiency_BUFFER 31.608647510044243 20.204958381507033 30.93720811981817 29.967162307016977
4.
reward 374.371713330601 254.16460409744465 368.4351449962537 358.4657636470459
datarate 4.58648316068513 3.1568757645539574 4.523936087086327 4.400407805646356
Throughput_BUFFER 2.293241580342565 1.5784378822769787 2.2619680435431637 2.200203902823178
Energy_efficiency_BUFFER 29.205160567063785 19.82766808713195 28.74204216028168 27.964319451299144